2.000000000000000164e-05 5.557602147715253547e-15
2.043839410520874699e-05 5.207926673403612172e-15
2.088639767999158101e-05 4.880265989790808141e-15
2.134422136108928025e-05 4.573233797211714796e-15
2.181208040233784056e-05 4.285531099414617720e-15
2.229019477587404382e-05 4.015940705416713609e-15
2.277878927555893976e-05 3.763322077621816496e-15
2.327809362266880101e-05 3.526606504392746872e-15
2.378834257390256433e-05 3.304792576645271708e-15
2.430977603175682027e-05 3.096941949316747685e-15
2.484263915732011876e-05 2.902175369768575625e-15
2.538718248553997048e-05 2.719668956311442271e-15
2.594366204301594450e-05 2.548650711101290429e-15
2.651233946837524392e-05 2.388397252645485297e-15
2.709348213528668759e-05 2.238230754088775673e-15
2.768736327817109580e-05 2.097516074319344906e-15
2.829426212066725709e-05 1.965658069751507265e-15
2.891446400691377488e-05 1.842099075406409172e-15
2.954826053570884731e-05 1.726316544628594865e-15
3.019594969761020019e-05 1.617820837448027452e-15
3.085783601504080441e-05 1.516153148225931124e-15
3.153423068546539951e-05 1.420883563812806813e-15
3.222545172770543693e-05 1.331609243999140315e-15
3.293182413146112042e-05 1.247952716557083236e-15
3.365368001011130806e-05 1.169560279656325416e-15
3.439135875686201676e-05 1.096100504892081373e-15
3.514520720431838326e-05 1.027262834588664982e-15
3.591557978755403760e-05 9.627562674414897633e-16
3.670283871075494221e-05 9.023081269340798689e-16
3.750735411751598253e-05 8.456629073170810914e-16
3.832950426487077757e-05 7.925811922645538478e-16
3.916967570113541539e-05 7.428386416305634663e-16
4.002826344765121689e-05 6.962250420171389106e-16
4.090567118451087186e-05 6.525434171349694320e-16
4.180231144035569324e-05 6.116091941911919970e-16
4.271860578633329393e-05 5.732494227757968184e-16
4.365498503430644738e-05 5.373020429404109865e-16
4.461188943940724079e-05 5.036151993714006876e-16
4.558976890703025697e-05 4.720465987544232120e-16
4.658908320436380625e-05 4.424629076102605327e-16
4.761030217655745774e-05 4.147391880531853165e-16
4.865390596762794734e-05 3.887583690835662623e-16
4.972038524620737661e-05 3.644107511768453802e-16
5.081024143623953426e-05 3.415935420719597323e-16
5.192398695273355984e-05 3.202104217943234946e-16
5.306214544268426459e-05 3.001711350722758278e-16
5.422525203127435994e-05 2.813911094217750838e-16
5.541385357347281449e-05 2.637910972828468493e-16
5.662850891114837120e-05 2.472968406930453885e-16
5.786978913581866619e-05 2.318387570786093516e-16
5.913827785715946976e-05 2.173516448333606983e-16
6.043457147739824488e-05 2.037744074391824738e-16
6.175927947172363871e-05 1.910497949603471480e-16
6.311302467484078763e-05 1.791241618175535266e-16
6.449644357380800175e-05 1.679472398164101040e-16
6.591018660729217027e-05 1.574719254696824053e-16
6.735491847138443025e-05 1.476540807131133699e-16
6.883131843211795975e-05 1.384523461713411587e-16
7.034008064483727833e-05 1.298279661835242720e-16
7.188191448056749551e-05 1.217446248480935793e-16
7.345754485953749104e-05 1.141682923926740945e-16
7.506771259201388408e-05 1.070670812189255145e-16
7.671317472660590063e-05 1.004111110130067566e-16
7.839470490620553157e-05 9.417238235073316913e-17
8.011309373172851168e-05 8.832465499678714060e-17
8.186914913382978189e-05 8.284314633770146978e-17
8.366369675276609389e-05 7.770509881922879808e-17
8.549758032658534156e-05 7.288915811040756800e-17
8.737166208782465695e-05 6.837459364468740285e-17
8.928682316890409218e-05 6.414263031732464884e-17
9.124396401640724914e-05 6.017561081065662690e-17
9.324400481444082838e-05 5.645660802982085394e-17
9.528788591727618189e-05 5.297034637128130613e-17
9.737656829147304063e-05 4.970210269251571946e-17
9.951103396769496586e-05 4.663802549037190343e-17
1.016922865024280794e-04 4.376543700111935532e-17
1.039213514498211598e-04 4.107235717024331212e-17
1.061992768438675639e-04 3.854731736047704491e-17
1.085271336911566961e-04 3.617997551446629046e-17
1.109060164744269235e-04 3.396027531814737594e-17
1.133370436671554384e-04 3.187904190837271108e-17
1.158213582594287976e-04 2.992749211276610532e-17
1.183601282953389777e-04 2.809756404077084270e-17
1.209545474221602221e-04 2.638159475870474165e-17
1.236058354515635546e-04 2.477245361954477360e-17
1.263152389331319324e-04 2.326339773235057589e-17
1.290840317404479023e-04 2.184819818521529456e-17
1.319135156700272909e-04 2.052094025845415524e-17
1.348050210533823662e-04 1.927608606900566250e-17
1.377599073824995076e-04 1.810851065891298856e-17
1.407795639490289161e-04 1.701334533576399165e-17
1.438654104974845208e-04 1.598606594088277575e-17
1.470188978927611809e-04 1.502241234789042773e-17
1.502415088022848234e-04 1.411840342000021444e-17
1.535347583931141074e-04 1.327029508469100392e-17
1.569001950443234847e-04 1.247459351235946200e-17
1.603394010750001811e-04 1.172801660369465661e-17
1.638539934881991971e-04 1.102749257480185473e-17
1.674456247312061728e-04 1.037013683319287834e-17
1.711159834724637900e-04 9.753252456713483834e-18
1.748667953955300414e-04 9.174305744706737608e-18
1.786998240104372402e-04 8.630928912128838216e-18
1.826168714828378269e-04 8.120898808280020524e-18
1.866197794813247927e-04 7.642133122594335315e-18
1.907104300433232398e-04 7.192679025780060385e-18
1.948907464599640709e-04 6.770708346684184541e-18
1.991626941803528912e-04 6.374505547545366158e-18
2.035282817356608902e-04 6.002464356089409906e-18
2.079895616834695688e-04 5.653080469030547941e-18
2.125486315728187679e-04 5.324941378547024946e-18
2.172076349304042015e-04 5.016724779727128033e-18
2.219687622683952821e-04 4.727190887902376499e-18
2.268342521143425629e-04 4.455178926201432380e-18
2.318063920636606807e-04 4.199599328962879235e-18
2.368875198551812519e-04 3.959431501139967880e-18
2.420800244702825572e-04 3.733719565402256055e-18
2.473863472561105780e-04 3.521566775968191916e-18
2.528089830734207193e-04 3.322133123235419877e-18
2.583504814695809651e-04 3.134630987851762528e-18
2.640134478772859393e-04 2.958322526718396920e-18
2.698005448395478798e-04 2.792515600655276999e-18
2.757144932615361458e-04 2.636562264426665348e-18
2.817580736898595071e-04 2.489854414813451536e-18
2.879341276198898059e-04 2.351822543558171174e-18
2.942455588317388583e-04 2.221932721503473211e-18
3.006953347555232350e-04 2.099684484584203010e-18
3.072864878665525342e-04 1.984608562061944901e-18
3.140221171111020216e-04 1.876265302357194208e-18
3.209053893634358258e-04 1.774242444142404641e-18
3.279395409147681825e-04 1.678153617260813419e-18
3.351278789948630124e-04 1.587636558603558199e-18
3.424737833269858893e-04 1.502351698609437982e-18
3.499807077169402340e-04 1.421980720344131453e-18
3.576521816769344256e-04 1.346225183448455592e-18
3.654918120850447869e-04 1.274805289786662831e-18
3.735032848810521436e-04 1.207458718776976892e-18
3.816903667994499304e-04 1.143939549042787323e-18
3.900569071404420894e-04 1.084017161494549061e-18
3.986068395797583348e-04 1.027475351092823013e-18
4.073441840181404828e-04 9.741113630549679426e-19
4.162730484713714381e-04 9.237350540671081891e-19
4.253976310017272078e-04 8.761681413670997913e-19
4.347222216917732995e-04 8.312433986514412933e-19
4.442512046614193757e-04 7.888039802565451349e-19
4.539890601291920102e-04 7.487027863656036487e-19
4.639403665186867995e-04 7.108018118741786802e-19
4.741098026111951265e-04 6.749716084345687338e-19
4.845021497455160534e-04 6.410907182161227407e-19
4.951222940659860466e-04 6.090451785050289225e-19
5.059752288197839551e-04 5.787280533351824484e-19
5.170660567045959333e-04 5.500389850915313275e-19
5.283999922677371950e-04 5.228837791372359759e-19
5.399823643578627232e-04 4.971740165413076233e-19
5.518186186304211219e-04 4.728266888586553391e-19
5.639143201080209231e-04 4.497638567656061515e-19
5.762751557969286427e-04 4.279123294194076227e-19
5.889069373609098551e-04 4.072033673992951115e-19
6.018156038536878749e-04 3.875723990245730809e-19
6.150072245112920329e-04 3.689587603759780372e-19
6.284880016056192467e-04 3.513054477327527621e-19
6.422642733605348668e-04 3.345588874763125906e-19
6.563425169319066482e-04 3.186687211163931035e-19
6.707293514529475906e-04 3.035876015661197030e-19
6.854315411463204801e-04 2.892710068754246627e-19
7.004559985044551181e-04 2.756770607015510498e-19
7.158097875395772565e-04 2.627663678388582683e-19
7.315001271049801322e-04 2.505018593025620849e-19
7.475343942890937815e-04 2.388486463978943102e-19
7.639201278839500295e-04 2.277738853391229260e-19
7.806650319296819284e-04 2.172466503146658086e-19
7.977769793367104007e-04 2.072378142478994585e-19
8.152640155873322123e-04 1.977199370779639252e-19
8.331343625184470334e-04 1.886671623563791745e-19
8.513964221871926814e-04 1.800551188208394657e-19
8.700587808213267006e-04 1.718608297722799336e-19
8.891302128561856056e-04 1.640626274136691077e-19
9.086196850601428862e-04 1.566400727557998931e-19
9.285363607504928344e-04 1.495738810002881881e-19
9.488896041017424402e-04 1.428458513314311289e-19
9.696889845483438021e-04 1.364388015634234870e-19
9.909442812839359266e-04 1.303365065367511698e-19
1.012665487859195799e-03 1.245236408052051791e-19
1.034862816880486105e-03 1.189857248279748968e-19
1.057546704811492292e-03 1.137090745766309612e-19
1.080727816880105519e-03 1.086807543453829821e-19
1.104417052092873100e-03 1.038885326196345494e-19
1.128625548359350186e-03 9.932084068350861331e-20
1.153364687728785417e-03 9.496673378257566961e-20
1.178646101741596475e-03 9.081585490294573729e-20
1.204481676898135501e-03 8.685840059755252347e-20
1.230883560247338646e-03 8.308508913535655916e-20
1.257864165097878108e-03 7.948713052306931706e-20
1.285436176854487913e-03 7.605619844249651890e-20
1.313612558982241814e-03 7.278440386142009754e-20
1.342406559101541304e-03 6.966427034595505373e-20
1.371831715216724826e-03 6.668871079938382155e-20
1.401901862081195377e-03 6.385100565575747760e-20
1.432631137702073667e-03 6.114478237542700097e-20
1.464033989987424721e-03 5.856399617348482780e-20
1.496125183539211015e-03 5.610291187580013461e-20
1.528919806595108091e-03 5.375608684642080095e-20
1.562433278122517429e-03 5.151835491063647172e-20
1.596681355068061943e-03 4.938481119558008543e-20
1.631680139765987782e-03 4.735079782912075004e-20
1.667446087508967032e-03 4.541189043555668896e-20
1.703996014284833022e-03 4.356388537993264796e-20
1.741347104682914324e-03 4.180278769634363622e-20
1.779516919973679785e-03 4.012479964895171491e-20
1.818523406365463906e-03 3.852630990094874118e-20
1.858384903442200859e-03 3.700388322262813062e-20
1.899120152786100413e-03 3.555425071174765339e-20
1.940748306789326317e-03 3.417430049362877668e-20
1.983288937658838746e-03 3.286106885552456142e-20
2.026762046618606206e-03 3.161173179494114548e-20
2.071188073313526539e-03 3.042359694983483089e-20
2.116587905419492054e-03 2.929409589220222160e-20
2.162982888464091719e-03 2.822077675552663362e-20
2.210394835862593624e-03 2.720129719284366266e-20
2.258846039173893414e-03 2.623341763955235542e-20
2.308359278581289392e-03 2.531499488108480795e-20
2.358957833602987053e-03 2.444397591404700087e-20
2.410665494037364173e-03 2.361839210158113556e-20
2.463506571148166811e-03 2.283635362358083314e-20
2.517505909094888087e-03 2.209604422572137909e-20
2.572688896613654040e-03 2.139571627485977128e-20
2.629081478954221462e-03 2.073368612897625637e-20
2.686710170078575495e-03 2.010832983229196940e-20
2.745602065126914477e-03 1.951807914745848989e-20
2.805784853156943932e-03 1.896141793343671045e-20
2.867286830162340920e-03 1.843687888000506122e-20
2.930136912376632430e-03 1.794304060338852751e-20
2.994364649868656077e-03 1.747852510809412211e-20
3.060000240436046293e-03 1.704199561199490020e-20
3.127074543803271163e-03 1.663215472935492436e-20
3.195619096130855250e-03 1.624774299896547441e-20
3.265666124842665254e-03 1.588753773945532004e-20
3.337248563778210438e-03 1.555035220842764279e-20
3.410400068677046318e-03 1.523503503522919345e-20
3.485155033002618197e-03 1.494046989400225507e-20
3.561548604112968735e-03 1.466557537824041172e-20
3.639616699785843019e-03 1.440930503700576947e-20
3.719396025106111014e-03 1.417064753022323294e-20
3.800924089723281551e-03 1.394862686138531514e-20
3.884239225487307913e-03 1.374230264730031098e-20
3.969380604471019029e-03 1.355077038670080766e-20
4.056388257387520332e-03 1.337316169422578639e-20
4.145303092411348894e-03 1.320864446972310668e-20
4.236166914412184403e-03 1.305642297920977384e-20
4.329022444610110959e-03 1.291573782830676265e-20
4.423913340661782441e-03 1.278586581538667712e-20
4.520884217186804319e-03 1.266611965646795276e-20
4.619980666744097526e-03 1.255584757922732882e-20
4.721249281268047326e-03 1.245443278791858730e-20
4.824737673974492484e-03 1.236129280475143398e-20
4.930494501746936209e-03 1.227587869651449521e-20
5.038569488013440109e-03 1.219767419756138217e-20
5.149013446124922622e-03 1.212619474211735006e-20
5.261878303246003176e-03 1.206098641980177698e-20
5.377217124769450955e-03 1.200162486887295519e-20
5.495084139265767227e-03 1.194771412163077076e-20
5.615534763979776293e-03 1.189888541605242821e-20
5.738625630885951789e-03 1.185479598694002112e-20
5.864414613314956198e-03 1.181512784895695235e-20
5.992960853163821142e-03 1.177958658276324034e-20
6.124324788702510854e-03 1.174790013420374637e-20
6.258568182990052742e-03 1.171981763530270449e-20
6.395754152913545564e-03 1.169510825448078220e-20
6.535947198863621167e-03 1.167356008225555270e-20
6.679213235060491721e-03 1.165497905747335538e-20
6.825619620544628487e-03 1.163918793812317099e-20
6.975235190846817285e-03 1.162602531974850273e-20
7.128130290352416472e-03 1.161534470367659054e-20
7.284376805374929466e-03 1.160701361648752273e-20
7.444048197954705563e-03 1.160091278151822661e-20
7.607219540398369416e-03 1.159693534264573278e-20
7.773967550575332404e-03 1.159498614013672751e-20
7.944370627988146805e-03 1.159498103797754977e-20
8.118508890633322275e-03 1.159684630183436158e-20
8.296464212670235511e-03 1.160051802653489048e-20
8.478320262915731848e-03 1.160594161185409295e-20
8.664162544182438253e-03 1.161307128524565270e-20
8.854078433479429036e-03 1.162186967013567904e-20
9.048157223094092927e-03 1.163230739837159184e-20
9.246490162574410102e-03 1.164436276545917229e-20
9.449170501631564204e-03 1.165802142725349532e-20
9.656293533982946223e-03 1.167327613688534469e-20
9.867956642156104977e-03 1.169012652078833935e-20
1.008425934327495353e-02 1.170857889283036096e-20
1.030530333584933969e-02 1.172864610569731757e-20
1.053119254759054754e-02 1.175034743884001012e-20
1.076203318427465527e-02 1.177370852247494328e-20
1.099793377967699277e-02 1.179876129731755986e-20
1.123900524660131559e-02 1.182554400993927667e-20
1.148536092902732557e-02 1.185410124385841857e-20
1.173711665540133446e-02 1.188448398671471998e-20
1.199439079309510062e-02 1.191674973413123305e-20
1.225730430405824745e-02 1.195096263114392180e-20
1.252598080169067991e-02 1.198719365237098804e-20
1.280054660896163404e-02 1.202552082241979701e-20
1.308113081780256336e-02 1.206602947836866010e-20
1.336786534980200468e-02 1.210881257654987533e-20
1.366088501823087623e-02 1.215397104626735552e-20
1.396032759142721950e-02 1.220161419354701249e-20
1.426633385757045125e-02 1.225186015852130957e-20
1.457904769087538070e-02 1.230483643061383203e-20
1.489861611923721033e-02 1.236068042631946654e-20
1.522518939335930355e-02 1.241954013507448119e-20
1.555892105739605999e-02 1.248157483951039249e-20
1.589996802114459346e-02 1.254695591726204438e-20
1.624849063381846037e-02 1.261586773252707724e-20
1.660465275943871777e-02 1.268850862669359606e-20
1.696862185387752048e-02 1.276509201867489908e-20
1.734056904359032938e-02 1.284584762704832311e-20
1.772066920607407586e-02 1.293102282780217169e-20
1.810910105208892937e-02 1.302088416342127021e-20
1.850604720968218250e-02 1.311571902125759543e-20
1.891169431005413487e-02 1.321583750170025224e-20
1.932623307530601311e-02 1.332157449956014711e-20
1.974985840811123439e-02 1.343329202552208048e-20
2.018276948335240295e-02 1.355138179835606857e-20
2.062516984176680779e-02 1.367626814318251253e-20
2.107726748564479891e-02 1.380841123623014789e-20
2.153927497662552759e-02 1.394831074267564271e-20
2.201140953563664876e-02 1.409650990111990052e-20
2.249389314502460435e-02 1.425360011646113353e-20
2.298695265292328635e-02 1.442022613240633080e-20
2.349081987991097353e-02 1.459709186580459201e-20
2.400573172800464158e-02 1.478496699787646943e-20
2.453193029204362927e-02 1.498469443198991569e-20
2.506966297351479606e-02 1.519719874500458552e-20
2.561918259687273255e-02 1.542349577854471335e-20
2.618074752840950786e-02 1.566470353952297066e-20
2.675462179773013122e-02 1.592205460455636778e-20
2.734107522189084885e-02 1.619691025223960322e-20
2.794038353225813953e-02 1.649077657925029762e-20
2.855282850414881182e-02 1.680532289138689056e-20
2.917869808931153677e-02 1.714240269786583905e-20
2.981828655131252628e-02 1.750407767365491546e-20
3.047189460388856005e-02 1.789264498914339443e-20
3.113982955233287123e-02 1.831066842938700949e-20
3.182240543798029592e-02 1.876101373212985221e-20
3.251994318585892108e-02 1.924688854225073079e-20
3.323277075557908022e-02 1.977188729265601108e-20
3.396122329552908603e-02 2.034004112998522188e-20
3.470564330045094320e-02 2.095587265206572701e-20
3.546638077247066256e-02 2.162445460964769579e-20
3.624379338565765496e-02 2.235147069664716162e-20
3.703824665419145484e-02 2.314327487983089026e-20
3.785011410421466188e-02 2.400694303167939926e-20
3.867977744945296642e-02 2.495030640560171505e-20
3.952762677068429042e-02 2.598194990440127701e-20
4.039406069914225350e-02 2.711114802013698905e-20
4.127948660393962466e-02 2.834769615377014936e-20
4.218432078360016130e-02 2.970157281263931554e-20
4.310898866178840272e-02 3.118233686084710008e-20
4.405392498733029516e-02 3.279812258279898851e-20
4.501957403861803209e-02 3.455404661914724444e-20
4.600638983249492192e-02 3.644979752617486465e-20
4.701483633771993270e-02 3.847617438179737405e-20
4.804538769311049451e-02 4.061044686680225964e-20
4.909852843046687287e-02 4.281074825133991868e-20
5.017475370238385496e-02 4.501044054688365992e-20
5.127456951505519195e-02 4.711457423692601572e-20
5.239849296618095259e-02 4.900188473891929643e-20
5.354705248809067675e-02 5.053613989623191892e-20
5.472078809619478068e-02 5.158836654347959640e-20
5.592025164288221689e-02 5.206576972173933104e-20
5.714600707698368198e-02 5.193670165629785617e-20
5.839863070892196278e-02 5.123975403847681957e-20
5.967871148167464695e-02 5.007226814781508566e-20
6.098685124767562471e-02 4.856451437323247605e-20
6.232366505178673494e-02 4.685168359009914012e-20
6.368978142047218571e-02 4.505336735164896135e-20
6.508584265731054419e-02 4.326365626701276140e-20
6.651250514498591171e-02 4.154987630744462207e-20
6.797043965389738818e-02 3.995624239565756597e-20
6.946033165753308369e-02 3.850927882663753843e-20
7.098288165475835632e-02 3.722313229225611414e-20
7.253880549916723319e-02 3.610397552358348015e-20
7.412883473565308468e-02 3.515333949386488045e-20
7.575371694435817371e-02 3.437050461941864034e-20
7.741421609216120325e-02 3.375417084986298646e-20
7.911111289186907591e-02 3.330362141551922018e-20
8.084520516928402067e-02 3.301955684401321815e-20
8.261730823831420212e-02 3.290473345453048814e-20
8.442825528430876469e-02 3.296450415625889180e-20
8.627889775579374032e-02 3.320733059668929943e-20
8.817010576479605843e-02 3.364531176091471708e-20
9.010276849594206494e-02 3.429474953072568919e-20
9.207779462452243824e-02 3.517673762785919979e-20
9.409611274372293999e-02 3.631770137137212772e-20
9.615867180121831503e-02 3.774970484973889635e-20
9.826644154533603626e-02 3.951013105113209641e-20
1.004204129810016832e-01 4.163994875231929439e-20
1.026215988356767167e-01 4.417909028548214017e-20
1.048710340355095000e-01 4.715637296559895457e-20
1.071697761919250397e-01 5.057005324302488116e-20
1.095189060988791541e-01 5.435465619199099067e-20
1.119195282410120063e-01 5.833387165148959281e-20
1.143727713129421564e-01 6.217520323799634695e-20
1.168797887499412463e-01 6.539271227717444979e-20
1.194417592702420039e-01 6.746166660299013268e-20
1.220598874292337932e-01 6.804354106206902795e-20
1.247354041858046159e-01 6.717437662941400623e-20
1.274695674810991108e-01 6.524293551093678878e-20
1.302636628299600752e-01 6.278558373026749767e-20
1.331190039253376534e-01 6.028380695750964457e-20
1.360369332559441535e-01 5.807737853853617018e-20
1.390188227374480889e-01 5.637351044086332296e-20
1.420660743575057894e-01 5.529225567288164652e-20
1.451801208349298156e-01 5.491124946721902339e-20
1.483624262933059823e-01 5.529872870534387300e-20
1.516144869493784297e-01 5.653543238438769245e-20
1.549378318165213764e-01 5.872766818593767660e-20
1.583340234236305655e-01 6.201021559535211978e-20
1.618046585497757150e-01 6.652897054465927571e-20
1.653513689749524784e-01 7.237571869935298314e-20
1.689758222472930727e-01 7.942091265400358425e-20
1.726797224670937603e-01 8.699375238962807348e-20
1.764648110880266130e-01 9.355353794717363224e-20
1.803328677359148369e-01 9.700894679127923863e-20
1.842857110454552694e-01 9.620605769463109919e-20
1.883251995152818437e-01 9.208304026478470917e-20
1.924532323817698121e-01 8.674218159595876764e-20
1.966717505119964515e-01 8.192104221751957431e-20
2.009827373162734465e-01 7.855096587684806025e-20
2.053882196806820493e-01 7.704264900940636140e-20
2.098902689200485283e-01 7.762405393793242817e-20
2.144910017518099066e-01 8.054081266771870368e-20
2.191925812912255134e-01 8.612926619111342734e-20
2.239972180684035863e-01 9.472186028263836886e-20
2.289071710676208737e-01 1.061490631173090659e-19
2.339247487894231536e-01 1.184412201223033843e-19
2.390523103360091550e-01 1.265933818168030844e-19
2.442922665204010357e-01 1.258109422061078412e-19
2.496470809999324081e-01 1.178547081748036768e-19
2.551192714345794088e-01 1.085656728906711238e-19
2.607114106706828749e-01 1.018319760130785401e-19
2.664261279506164870e-01 9.908212163232658218e-20
2.722661101489736168e-01 1.008678318560743868e-19
2.782341030358448375e-01 1.077849838777105679e-19
2.843329125677926394e-01 1.205160847965207083e-19
2.905654062071203469e-01 1.383120337606887803e-19
2.969345142700596241e-01 1.545289123039522952e-19
3.034432313045098417e-01 1.566949511086617625e-19
3.100946174979793413e-01 1.444473476352321635e-19
3.168918001163837372e-01 1.304119993544899720e-19
3.238379749743836022e-01 1.222609605890506868e-19
3.309364079379588652e-01 1.220509670241398148e-19
3.381904364599068180e-01 1.308004327142466543e-19
3.456034711490059141e-01 1.496263955598463145e-19
3.531789973735768307e-01 1.752557151859152525e-19
3.609205769001824216e-01 1.888198795544910679e-19
3.688318495682605391e-01 1.753121693270550833e-19
3.769165350014587745e-01 1.547467938649128927e-19
3.851784343564753077e-01 1.438638666828877370e-19
3.936214321102466385e-01 1.464533320987782468e-19
4.022494978862944937e-01 1.643454690615549552e-19
4.110666883211200884e-01 1.967303575669757660e-19
4.200771489715031115e-01 2.196637403109485333e-19
4.292851162636032170e-01 2.019243454882244969e-19
4.386949194847929445e-01 1.750798553776429622e-19
4.483109828191518265e-01 1.652074724313869063e-19
4.581378274275645368e-01 1.769886879357542282e-19
4.681800735734329422e-01 2.124445202765913487e-19
4.784424427949723890e-01 2.493565283917177255e-19
4.889297601251217373e-01 2.310660596137085768e-19
4.996469563601207975e-01 1.966320760478909492e-19
5.105990703778091611e-01 1.879756831990988141e-19
5.217912515067439916e-01 2.116933298679754162e-19
5.332287619472453333e-01 2.641521569486465557e-19
5.449169792455168526e-01 2.740799741801926567e-19
5.568613988219863753e-01 2.279807686037466131e-19
5.690676365550790816e-01 2.093674955695424346e-19
5.815414314216200697e-01 2.351099892963123377e-19
5.942886481951147326e-01 2.987496496842358379e-19
6.073152802031740460e-01 2.943710852430018092e-19
6.206274521453875037e-01 2.409090702905335836e-19
6.342314229729517638e-01 2.367698438885987316e-19
6.481335888314252447e-01 2.940676920612349402e-19
6.623404860679995565e-01 3.414702967801222934e-19
6.768587943046648903e-01 2.766257261014738805e-19
6.916953395787566183e-01 2.551923053500660621e-19
7.068570975523424949e-01 3.133462390761905035e-19
7.223511967919379329e-01 3.721197199791710836e-19
7.381849221201396416e-01 2.954783534329290005e-19
7.543657180407119522e-01 2.819540333236609298e-19
7.709011922387425386e-01 3.681417935820520352e-19
7.877991191575355323e-01 3.776083856007635653e-19
8.050674436539005940e-01 2.999114798415213328e-19
8.227142847335680020e-01 3.394376328228838290e-19
8.407479393684772484e-01 4.366074870461385228e-19
8.591768863977543580e-01 3.387645357191272839e-19
8.780097905141714953e-01 3.393838087891825160e-19
8.972555063380222018e-01 4.641384843177446684e-19
9.169230825802560103e-01 3.732238222665820831e-19
9.370217662969048122e-01 3.584865324606079655e-19
9.575610072367473080e-01 4.961598684664327400e-19
9.785504622842643441e-01 3.886352785550859129e-19
1.000000000000000000e+00 3.967147011920652529e-19
